0 0 5 2
0 0 5 2
2 1 5 2
0 0 5 2
0 0 5 2
5 1 5 2
6 1 5 2
7 1 5 2
8 1 5 2
0 0 5 2
0 0 5 2
1 1 5 2
0 0 5 2
0 0 5 2
3 1 5 2
0 0 5 2
0 0 5 2
0 0 5 2
0 0 5 2
0 0 5 2
0 0 5 2
0 0 5 2
0 0 5 2
0 0 5 2
4 1 5 2
0 0 5 2
0 0 5 2
0 0 5 2
0 0 5 2
0 0 5 2
0 0 5 2
0 0 5 2
0 0 5 2
0 0 5 2
0 0 5 2
0 0 5 2
0 0 5 2
0 0 5 2
0 0 5 2
0 0 5 2
0 0 5 2
0 0 5 2
0 0 5 2
0 0 5 2
0 0 5 2
0 0 5 2
0 0 5 2
0 0 5 2
0 0 5 2
0 0 5 2
0 0 5 2
0 0 5 2
0 0 5 2
0 0 5 2
0 0 5 2
0 0 5 2
0 0 5 2
0 0 5 2
0 0 5 2
0 0 5 2
0 0 5 2
0 0 5 2
0 0 5 2
0 0 5 2
0 0 5 2
0 0 5 2
0 0 5 2
0 0 5 2
0 0 5 2
0 0 5 2
0 0 5 2
10 2 5 2
0 0 5 2
0 0 5 2
0 0 5 2
0 0 5 2
0 0 5 2
0 0 5 2
0 0 5 2
0 0 5 2
0 0 5 2
0 0 5 2
0 0 5 2
0 0 5 2
0 0 5 2
0 0 5 2
0 0 5 2
0 0 5 2
0 0 5 2
0 0 5 2
0 0 5 2
0 0 5 2
11 2 5 2
12 2 5 2
13 2 5 2
14 2 5 2
15 2 5 2
16 2 5 2
17 2 5 2
0 0 5 2
