0 0 3 2
0 0 3 2
2 1 3 2
3 1 3 2
4 1 3 2
5 1 3 2
6 1 3 2
7 1 3 2
8 1 3 2
0 0 3 2
0 0 3 2
0 0 3 2
0 0 3 2
0 0 3 2
0 0 3 2
0 0 3 2
0 0 3 2
0 0 3 2
0 0 3 2
0 0 3 2
0 0 3 2
1 1 3 2
0 0 3 2
0 0 3 2
0 0 3 2
0 0 3 2
0 0 3 2
0 0 3 2
0 0 3 2
0 0 3 2
0 0 3 2
0 0 3 2
0 0 3 2
0 0 3 2
0 0 3 2
0 0 3 2
0 0 3 2
0 0 3 2
0 0 3 2
0 0 3 2
0 0 3 2
0 0 3 2
0 0 3 2
0 0 3 2
0 0 3 2
0 0 3 2
0 0 3 2
0 0 3 2
0 0 3 2
0 0 3 2
0 0 3 2
0 0 3 2
0 0 3 2
0 0 3 2
0 0 3 2
0 0 3 2
0 0 3 2
0 0 3 2
0 0 3 2
0 0 3 2
0 0 3 2
0 0 3 2
0 0 3 2
0 0 3 2
0 0 3 2
0 0 3 2
0 0 3 2
0 0 3 2
0 0 3 2
0 0 3 2
0 0 3 2
0 0 3 2
0 0 3 2
0 0 3 2
0 0 3 2
0 0 3 2
0 0 3 2
0 0 3 2
0 0 3 2
0 0 3 2
0 0 3 2
10 2 3 2
0 0 3 2
0 0 3 2
0 0 3 2
0 0 3 2
0 0 3 2
0 0 3 2
0 0 3 2
0 0 3 2
0 0 3 2
0 0 3 2
11 2 3 2
12 2 3 2
13 2 3 2
14 2 3 2
15 2 3 2
16 2 3 2
17 2 3 2
0 0 3 2
